_viz_0 = nengo_gui.components.SpaSimilarity(display,target='default')
_viz_config[_viz_0].max_value = 1.5
_viz_config[_viz_0].min_value = -1.5
_viz_config[_viz_0].height = 0.19083969465648856
_viz_config[_viz_0].label_visible = True
_viz_config[_viz_0].width = 0.14947683109118087
_viz_config[_viz_0].y = 0.5870229007633582
_viz_config[_viz_0].x = 0.5149385641188119
_viz_config[_viz_0].show_pairs = False
_viz_1 = nengo_gui.components.SpikeGrid(mem.mem)
_viz_config[_viz_1].label_visible = True
_viz_config[_viz_1].width = 0.14947683109118087
_viz_config[_viz_1].height = 0.19083969465648856
_viz_config[_viz_1].y = 0.17767460407884245
_viz_config[_viz_1].x = 0.18009428723882215
_viz_ace_editor = nengo_gui.components.AceEditor()
_viz_net_graph = nengo_gui.components.NetGraph()
_viz_sim_control = nengo_gui.components.SimControl()
_viz_config[_viz_sim_control].kept_time = 4.0
_viz_config[_viz_sim_control].shown_time = 0.5
_viz_config[display].pos=(0.8287671232876712, 0.5)
_viz_config[display].size=(0.136986301369863, 0.4)
_viz_config[display].expanded=False
_viz_config[display].has_layout=False
_viz_config[display.state_ensembles].expanded=False
_viz_config[display.state_ensembles].has_layout=False
_viz_config[mem].pos=(0.4178082191780822, 0.5)
_viz_config[mem].size=(0.136986301369863, 0.4)
_viz_config[mem].expanded=True
_viz_config[mem].has_layout=True
_viz_config[mem.input].pos=(0.12745098039215685, 0.7313432835820896)
_viz_config[mem.input].size=(0.07843137254901959, 0.11940298507462686)
_viz_config[mem.mem].pos=(0.49999999999999994, 0.29850746268656714)
_viz_config[mem.mem].size=(0.09803921568627451, 0.1492537313432836)
_viz_config[mem.output].pos=(0.872549019607843, 0.7313432835820896)
_viz_config[mem.output].size=(0.07843137254901959, 0.11940298507462686)
_viz_config[model].pos=(0, 0)
_viz_config[model].size=(1.0, 1.0)
_viz_config[model].expanded=True
_viz_config[model].has_layout=True
_viz_config[stim].pos=(0.08904109589041095, 0.5)
_viz_config[stim].size=(0.0547945205479452, 0.08)